{
 "cells": [
  {
   "cell_type": "code",
   "execution_count": 1,
   "metadata": {
    "pycharm": {
     "is_executing": false
    }
   },
   "outputs": [],
   "source": [
    "import numpy as np\n",
    "import pandas as pd"
   ]
  },
  {
   "cell_type": "code",
   "execution_count": 2,
   "metadata": {
    "pycharm": {
     "is_executing": false
    }
   },
   "outputs": [],
   "source": [
    "data = pd.read_csv(\"../data/csv/achmusik.csv\")"
   ]
  },
  {
   "cell_type": "code",
   "execution_count": 3,
   "metadata": {
    "pycharm": {
     "is_executing": false
    }
   },
   "outputs": [],
   "source": [
    "# Getting the decimals right -- commas to points and no more Nones\n",
    "data = data.set_index([\"genre\", \"sub_genre\", \"artist\", \"album\", \"song\"])\n",
    "data.fillna(value=\"\", inplace=True)\n",
    "\n",
    "for i in range(data.columns.size):\n",
    "    data[data.columns[i]] = pd.to_numeric(data[data.columns[i]], errors='coerce')\n"
   ]
  },
  {
   "cell_type": "code",
   "execution_count": 4,
   "metadata": {
    "pycharm": {
     "is_executing": false
    }
   },
   "outputs": [
    {
     "data": {
      "text/html": [
       "<div>\n",
       "<style scoped>\n",
       "    .dataframe tbody tr th:only-of-type {\n",
       "        vertical-align: middle;\n",
       "    }\n",
       "\n",
       "    .dataframe tbody tr th {\n",
       "        vertical-align: top;\n",
       "    }\n",
       "\n",
       "    .dataframe thead th {\n",
       "        text-align: right;\n",
       "    }\n",
       "</style>\n",
       "<table border=\"1\" class=\"dataframe\">\n",
       "  <thead>\n",
       "    <tr style=\"text-align: right;\">\n",
       "      <th></th>\n",
       "      <th>Qu</th>\n",
       "      <th>Gr</th>\n",
       "      <th>Vi</th>\n",
       "      <th>Ro</th>\n",
       "      <th>Sa</th>\n",
       "      <th>Gl</th>\n",
       "      <th>Cl</th>\n",
       "      <th>Lu</th>\n",
       "      <th>Gë</th>\n",
       "      <th>Et</th>\n",
       "      <th>Ti</th>\n",
       "      <th>Be</th>\n",
       "      <th>api:Spotify</th>\n",
       "      <th>alb?</th>\n",
       "    </tr>\n",
       "  </thead>\n",
       "  <tbody>\n",
       "    <tr>\n",
       "      <th>Qu</th>\n",
       "      <td>1.000000</td>\n",
       "      <td>0.507320</td>\n",
       "      <td>0.573173</td>\n",
       "      <td>0.202718</td>\n",
       "      <td>0.431431</td>\n",
       "      <td>0.367062</td>\n",
       "      <td>-0.276814</td>\n",
       "      <td>0.423956</td>\n",
       "      <td>0.265146</td>\n",
       "      <td>-0.331488</td>\n",
       "      <td>0.466037</td>\n",
       "      <td>NaN</td>\n",
       "      <td>NaN</td>\n",
       "      <td>-0.210174</td>\n",
       "    </tr>\n",
       "    <tr>\n",
       "      <th>Gr</th>\n",
       "      <td>0.507320</td>\n",
       "      <td>1.000000</td>\n",
       "      <td>0.334453</td>\n",
       "      <td>0.159001</td>\n",
       "      <td>0.227842</td>\n",
       "      <td>0.053864</td>\n",
       "      <td>0.102822</td>\n",
       "      <td>0.375006</td>\n",
       "      <td>0.295006</td>\n",
       "      <td>0.047227</td>\n",
       "      <td>0.317899</td>\n",
       "      <td>NaN</td>\n",
       "      <td>NaN</td>\n",
       "      <td>-0.182842</td>\n",
       "    </tr>\n",
       "    <tr>\n",
       "      <th>Vi</th>\n",
       "      <td>0.573173</td>\n",
       "      <td>0.334453</td>\n",
       "      <td>1.000000</td>\n",
       "      <td>0.049925</td>\n",
       "      <td>0.405858</td>\n",
       "      <td>0.547415</td>\n",
       "      <td>0.217575</td>\n",
       "      <td>0.593065</td>\n",
       "      <td>0.251662</td>\n",
       "      <td>0.329419</td>\n",
       "      <td>0.545698</td>\n",
       "      <td>NaN</td>\n",
       "      <td>NaN</td>\n",
       "      <td>-0.117307</td>\n",
       "    </tr>\n",
       "    <tr>\n",
       "      <th>Ro</th>\n",
       "      <td>0.202718</td>\n",
       "      <td>0.159001</td>\n",
       "      <td>0.049925</td>\n",
       "      <td>1.000000</td>\n",
       "      <td>-0.042704</td>\n",
       "      <td>0.187208</td>\n",
       "      <td>0.119175</td>\n",
       "      <td>0.500000</td>\n",
       "      <td>0.405372</td>\n",
       "      <td>0.527146</td>\n",
       "      <td>0.169265</td>\n",
       "      <td>NaN</td>\n",
       "      <td>NaN</td>\n",
       "      <td>-0.037180</td>\n",
       "    </tr>\n",
       "    <tr>\n",
       "      <th>Sa</th>\n",
       "      <td>0.431431</td>\n",
       "      <td>0.227842</td>\n",
       "      <td>0.405858</td>\n",
       "      <td>-0.042704</td>\n",
       "      <td>1.000000</td>\n",
       "      <td>0.239003</td>\n",
       "      <td>0.008700</td>\n",
       "      <td>0.800000</td>\n",
       "      <td>0.043051</td>\n",
       "      <td>0.666697</td>\n",
       "      <td>0.090836</td>\n",
       "      <td>NaN</td>\n",
       "      <td>NaN</td>\n",
       "      <td>0.080918</td>\n",
       "    </tr>\n",
       "    <tr>\n",
       "      <th>Gl</th>\n",
       "      <td>0.367062</td>\n",
       "      <td>0.053864</td>\n",
       "      <td>0.547415</td>\n",
       "      <td>0.187208</td>\n",
       "      <td>0.239003</td>\n",
       "      <td>1.000000</td>\n",
       "      <td>0.346464</td>\n",
       "      <td>1.000000</td>\n",
       "      <td>0.452002</td>\n",
       "      <td>0.564288</td>\n",
       "      <td>0.142733</td>\n",
       "      <td>NaN</td>\n",
       "      <td>NaN</td>\n",
       "      <td>0.102726</td>\n",
       "    </tr>\n",
       "    <tr>\n",
       "      <th>Cl</th>\n",
       "      <td>-0.276814</td>\n",
       "      <td>0.102822</td>\n",
       "      <td>0.217575</td>\n",
       "      <td>0.119175</td>\n",
       "      <td>0.008700</td>\n",
       "      <td>0.346464</td>\n",
       "      <td>1.000000</td>\n",
       "      <td>0.500000</td>\n",
       "      <td>0.567792</td>\n",
       "      <td>0.210819</td>\n",
       "      <td>0.079772</td>\n",
       "      <td>NaN</td>\n",
       "      <td>NaN</td>\n",
       "      <td>-0.178326</td>\n",
       "    </tr>\n",
       "    <tr>\n",
       "      <th>Lu</th>\n",
       "      <td>0.423956</td>\n",
       "      <td>0.375006</td>\n",
       "      <td>0.593065</td>\n",
       "      <td>0.500000</td>\n",
       "      <td>0.800000</td>\n",
       "      <td>1.000000</td>\n",
       "      <td>0.500000</td>\n",
       "      <td>1.000000</td>\n",
       "      <td>0.846881</td>\n",
       "      <td>-0.500000</td>\n",
       "      <td>0.436441</td>\n",
       "      <td>NaN</td>\n",
       "      <td>NaN</td>\n",
       "      <td>-0.040124</td>\n",
       "    </tr>\n",
       "    <tr>\n",
       "      <th>Gë</th>\n",
       "      <td>0.265146</td>\n",
       "      <td>0.295006</td>\n",
       "      <td>0.251662</td>\n",
       "      <td>0.405372</td>\n",
       "      <td>0.043051</td>\n",
       "      <td>0.452002</td>\n",
       "      <td>0.567792</td>\n",
       "      <td>0.846881</td>\n",
       "      <td>1.000000</td>\n",
       "      <td>0.086958</td>\n",
       "      <td>0.117785</td>\n",
       "      <td>NaN</td>\n",
       "      <td>NaN</td>\n",
       "      <td>-0.097836</td>\n",
       "    </tr>\n",
       "    <tr>\n",
       "      <th>Et</th>\n",
       "      <td>-0.331488</td>\n",
       "      <td>0.047227</td>\n",
       "      <td>0.329419</td>\n",
       "      <td>0.527146</td>\n",
       "      <td>0.666697</td>\n",
       "      <td>0.564288</td>\n",
       "      <td>0.210819</td>\n",
       "      <td>-0.500000</td>\n",
       "      <td>0.086958</td>\n",
       "      <td>1.000000</td>\n",
       "      <td>-0.063801</td>\n",
       "      <td>NaN</td>\n",
       "      <td>NaN</td>\n",
       "      <td>-0.359601</td>\n",
       "    </tr>\n",
       "    <tr>\n",
       "      <th>Ti</th>\n",
       "      <td>0.466037</td>\n",
       "      <td>0.317899</td>\n",
       "      <td>0.545698</td>\n",
       "      <td>0.169265</td>\n",
       "      <td>0.090836</td>\n",
       "      <td>0.142733</td>\n",
       "      <td>0.079772</td>\n",
       "      <td>0.436441</td>\n",
       "      <td>0.117785</td>\n",
       "      <td>-0.063801</td>\n",
       "      <td>1.000000</td>\n",
       "      <td>NaN</td>\n",
       "      <td>NaN</td>\n",
       "      <td>-0.112098</td>\n",
       "    </tr>\n",
       "    <tr>\n",
       "      <th>Be</th>\n",
       "      <td>NaN</td>\n",
       "      <td>NaN</td>\n",
       "      <td>NaN</td>\n",
       "      <td>NaN</td>\n",
       "      <td>NaN</td>\n",
       "      <td>NaN</td>\n",
       "      <td>NaN</td>\n",
       "      <td>NaN</td>\n",
       "      <td>NaN</td>\n",
       "      <td>NaN</td>\n",
       "      <td>NaN</td>\n",
       "      <td>NaN</td>\n",
       "      <td>NaN</td>\n",
       "      <td>NaN</td>\n",
       "    </tr>\n",
       "    <tr>\n",
       "      <th>api:Spotify</th>\n",
       "      <td>NaN</td>\n",
       "      <td>NaN</td>\n",
       "      <td>NaN</td>\n",
       "      <td>NaN</td>\n",
       "      <td>NaN</td>\n",
       "      <td>NaN</td>\n",
       "      <td>NaN</td>\n",
       "      <td>NaN</td>\n",
       "      <td>NaN</td>\n",
       "      <td>NaN</td>\n",
       "      <td>NaN</td>\n",
       "      <td>NaN</td>\n",
       "      <td>NaN</td>\n",
       "      <td>NaN</td>\n",
       "    </tr>\n",
       "    <tr>\n",
       "      <th>alb?</th>\n",
       "      <td>-0.210174</td>\n",
       "      <td>-0.182842</td>\n",
       "      <td>-0.117307</td>\n",
       "      <td>-0.037180</td>\n",
       "      <td>0.080918</td>\n",
       "      <td>0.102726</td>\n",
       "      <td>-0.178326</td>\n",
       "      <td>-0.040124</td>\n",
       "      <td>-0.097836</td>\n",
       "      <td>-0.359601</td>\n",
       "      <td>-0.112098</td>\n",
       "      <td>NaN</td>\n",
       "      <td>NaN</td>\n",
       "      <td>1.000000</td>\n",
       "    </tr>\n",
       "  </tbody>\n",
       "</table>\n",
       "</div>"
      ],
      "text/plain": [
       "                   Qu        Gr        Vi        Ro        Sa        Gl  \\\n",
       "Qu           1.000000  0.507320  0.573173  0.202718  0.431431  0.367062   \n",
       "Gr           0.507320  1.000000  0.334453  0.159001  0.227842  0.053864   \n",
       "Vi           0.573173  0.334453  1.000000  0.049925  0.405858  0.547415   \n",
       "Ro           0.202718  0.159001  0.049925  1.000000 -0.042704  0.187208   \n",
       "Sa           0.431431  0.227842  0.405858 -0.042704  1.000000  0.239003   \n",
       "Gl           0.367062  0.053864  0.547415  0.187208  0.239003  1.000000   \n",
       "Cl          -0.276814  0.102822  0.217575  0.119175  0.008700  0.346464   \n",
       "Lu           0.423956  0.375006  0.593065  0.500000  0.800000  1.000000   \n",
       "Gë           0.265146  0.295006  0.251662  0.405372  0.043051  0.452002   \n",
       "Et          -0.331488  0.047227  0.329419  0.527146  0.666697  0.564288   \n",
       "Ti           0.466037  0.317899  0.545698  0.169265  0.090836  0.142733   \n",
       "Be                NaN       NaN       NaN       NaN       NaN       NaN   \n",
       "api:Spotify       NaN       NaN       NaN       NaN       NaN       NaN   \n",
       "alb?        -0.210174 -0.182842 -0.117307 -0.037180  0.080918  0.102726   \n",
       "\n",
       "                   Cl        Lu        Gë        Et        Ti  Be  \\\n",
       "Qu          -0.276814  0.423956  0.265146 -0.331488  0.466037 NaN   \n",
       "Gr           0.102822  0.375006  0.295006  0.047227  0.317899 NaN   \n",
       "Vi           0.217575  0.593065  0.251662  0.329419  0.545698 NaN   \n",
       "Ro           0.119175  0.500000  0.405372  0.527146  0.169265 NaN   \n",
       "Sa           0.008700  0.800000  0.043051  0.666697  0.090836 NaN   \n",
       "Gl           0.346464  1.000000  0.452002  0.564288  0.142733 NaN   \n",
       "Cl           1.000000  0.500000  0.567792  0.210819  0.079772 NaN   \n",
       "Lu           0.500000  1.000000  0.846881 -0.500000  0.436441 NaN   \n",
       "Gë           0.567792  0.846881  1.000000  0.086958  0.117785 NaN   \n",
       "Et           0.210819 -0.500000  0.086958  1.000000 -0.063801 NaN   \n",
       "Ti           0.079772  0.436441  0.117785 -0.063801  1.000000 NaN   \n",
       "Be                NaN       NaN       NaN       NaN       NaN NaN   \n",
       "api:Spotify       NaN       NaN       NaN       NaN       NaN NaN   \n",
       "alb?        -0.178326 -0.040124 -0.097836 -0.359601 -0.112098 NaN   \n",
       "\n",
       "             api:Spotify      alb?  \n",
       "Qu                   NaN -0.210174  \n",
       "Gr                   NaN -0.182842  \n",
       "Vi                   NaN -0.117307  \n",
       "Ro                   NaN -0.037180  \n",
       "Sa                   NaN  0.080918  \n",
       "Gl                   NaN  0.102726  \n",
       "Cl                   NaN -0.178326  \n",
       "Lu                   NaN -0.040124  \n",
       "Gë                   NaN -0.097836  \n",
       "Et                   NaN -0.359601  \n",
       "Ti                   NaN -0.112098  \n",
       "Be                   NaN       NaN  \n",
       "api:Spotify          NaN       NaN  \n",
       "alb?                 NaN  1.000000  "
      ]
     },
     "execution_count": 4,
     "metadata": {},
     "output_type": "execute_result"
    }
   ],
   "source": [
    "data.corr(method=\"spearman\")"
   ]
  },
  {
   "cell_type": "code",
   "execution_count": 5,
   "metadata": {
    "pycharm": {
     "is_executing": false
    }
   },
   "outputs": [
    {
     "data": {
      "text/plain": [
       "Qu                       George Duke\n",
       "Gr             Derek and the Dominos\n",
       "Vi                      Eric Clapton\n",
       "Ro                      Battle Beast\n",
       "Sa                        Koji Kondo\n",
       "Gl                        Pink Floyd\n",
       "Cl                    Goran Bregović\n",
       "Lu                         Caballero\n",
       "Gë                       The Animals\n",
       "Et                    Michel Delpech\n",
       "Ti                         Lindemann\n",
       "Be                               NaN\n",
       "api:Spotify                      NaN\n",
       "alb?                             PNL\n",
       "dtype: object"
      ]
     },
     "execution_count": 5,
     "metadata": {},
     "output_type": "execute_result"
    }
   ],
   "source": [
    "# data_sample = data.groupby(\"artist\").size()\n",
    "\n",
    "data.groupby(\"artist\").mean().idxmax()"
   ]
  },
  {
   "cell_type": "code",
   "execution_count": null,
   "metadata": {
    "collapsed": false,
    "jupyter": {
     "outputs_hidden": false
    },
    "pycharm": {
     "name": "#%%\n"
    }
   },
   "outputs": [],
   "source": [
    "\n"
   ]
  }
 ],
 "metadata": {
  "kernelspec": {
   "display_name": "Python 3",
   "language": "python",
   "name": "python3"
  },
  "language_info": {
   "codemirror_mode": {
    "name": "ipython",
    "version": 3
   },
   "file_extension": ".py",
   "mimetype": "text/x-python",
   "name": "python",
   "nbconvert_exporter": "python",
   "pygments_lexer": "ipython3",
   "version": "3.9.5"
  },
  "pycharm": {
   "stem_cell": {
    "cell_type": "raw",
    "metadata": {
     "collapsed": false
    },
    "source": []
   }
  }
 },
 "nbformat": 4,
 "nbformat_minor": 4
}
