{
 "cells": [
  {
   "cell_type": "code",
   "execution_count": 1,
   "metadata": {},
   "outputs": [],
   "source": [
    "import numpy as np\n",
    "import pandas as pd"
   ]
  },
  {
   "cell_type": "code",
   "execution_count": 34,
   "metadata": {},
   "outputs": [],
   "source": [
    "data = pd.read_csv(\"../data/achmusik.csv\")"
   ]
  },
  {
   "cell_type": "code",
   "execution_count": 35,
   "metadata": {},
   "outputs": [],
   "source": [
    "# Getting the decimals right -- commas to points and no more Nones\n",
    "data = data.set_index([\"genre\", \"sub_genre\", \"artist\", \"album\", \"song\"])\n",
    "data.fillna(value=\"\", inplace=True)\n",
    "\n",
    "for i in range(data.columns.size):\n",
    "    data[data.columns[i]] = data[data.columns[i]].str.replace(\",\", \".\")\n",
    "    data[data.columns[i]] = pd.to_numeric(data[data.columns[i]], errors='coerce')\n"
   ]
  },
  {
   "cell_type": "code",
   "execution_count": 36,
   "metadata": {},
   "outputs": [
    {
     "data": {
      "text/html": [
       "<div>\n",
       "<style scoped>\n",
       "    .dataframe tbody tr th:only-of-type {\n",
       "        vertical-align: middle;\n",
       "    }\n",
       "\n",
       "    .dataframe tbody tr th {\n",
       "        vertical-align: top;\n",
       "    }\n",
       "\n",
       "    .dataframe thead th {\n",
       "        text-align: right;\n",
       "    }\n",
       "</style>\n",
       "<table border=\"1\" class=\"dataframe\">\n",
       "  <thead>\n",
       "    <tr style=\"text-align: right;\">\n",
       "      <th></th>\n",
       "      <th>Qu</th>\n",
       "      <th>Gr</th>\n",
       "      <th>Vi</th>\n",
       "      <th>Ro</th>\n",
       "      <th>Sa</th>\n",
       "      <th>Gl</th>\n",
       "      <th>Rx</th>\n",
       "      <th>Cl</th>\n",
       "      <th>Lu</th>\n",
       "      <th>Unnamed: 14</th>\n",
       "    </tr>\n",
       "  </thead>\n",
       "  <tbody>\n",
       "    <tr>\n",
       "      <th>Qu</th>\n",
       "      <td>1.000000</td>\n",
       "      <td>0.515369</td>\n",
       "      <td>0.514232</td>\n",
       "      <td>0.171099</td>\n",
       "      <td>0.555536</td>\n",
       "      <td>0.467383</td>\n",
       "      <td>0.437073</td>\n",
       "      <td>0.016733</td>\n",
       "      <td>0.375563</td>\n",
       "      <td>NaN</td>\n",
       "    </tr>\n",
       "    <tr>\n",
       "      <th>Gr</th>\n",
       "      <td>0.515369</td>\n",
       "      <td>1.000000</td>\n",
       "      <td>0.232010</td>\n",
       "      <td>0.031076</td>\n",
       "      <td>0.306678</td>\n",
       "      <td>0.110985</td>\n",
       "      <td>0.200000</td>\n",
       "      <td>-1.000000</td>\n",
       "      <td>0.000000</td>\n",
       "      <td>NaN</td>\n",
       "    </tr>\n",
       "    <tr>\n",
       "      <th>Vi</th>\n",
       "      <td>0.514232</td>\n",
       "      <td>0.232010</td>\n",
       "      <td>1.000000</td>\n",
       "      <td>0.089374</td>\n",
       "      <td>0.368184</td>\n",
       "      <td>0.615366</td>\n",
       "      <td>0.617213</td>\n",
       "      <td>-0.345033</td>\n",
       "      <td>0.690275</td>\n",
       "      <td>NaN</td>\n",
       "    </tr>\n",
       "    <tr>\n",
       "      <th>Ro</th>\n",
       "      <td>0.171099</td>\n",
       "      <td>0.031076</td>\n",
       "      <td>0.089374</td>\n",
       "      <td>1.000000</td>\n",
       "      <td>0.073699</td>\n",
       "      <td>0.150152</td>\n",
       "      <td>0.316228</td>\n",
       "      <td>0.332887</td>\n",
       "      <td>0.500000</td>\n",
       "      <td>NaN</td>\n",
       "    </tr>\n",
       "    <tr>\n",
       "      <th>Sa</th>\n",
       "      <td>0.555536</td>\n",
       "      <td>0.306678</td>\n",
       "      <td>0.368184</td>\n",
       "      <td>0.073699</td>\n",
       "      <td>1.000000</td>\n",
       "      <td>0.038462</td>\n",
       "      <td>1.000000</td>\n",
       "      <td>NaN</td>\n",
       "      <td>NaN</td>\n",
       "      <td>NaN</td>\n",
       "    </tr>\n",
       "    <tr>\n",
       "      <th>Gl</th>\n",
       "      <td>0.467383</td>\n",
       "      <td>0.110985</td>\n",
       "      <td>0.615366</td>\n",
       "      <td>0.150152</td>\n",
       "      <td>0.038462</td>\n",
       "      <td>1.000000</td>\n",
       "      <td>0.734051</td>\n",
       "      <td>NaN</td>\n",
       "      <td>1.000000</td>\n",
       "      <td>NaN</td>\n",
       "    </tr>\n",
       "    <tr>\n",
       "      <th>Rx</th>\n",
       "      <td>0.437073</td>\n",
       "      <td>0.200000</td>\n",
       "      <td>0.617213</td>\n",
       "      <td>0.316228</td>\n",
       "      <td>1.000000</td>\n",
       "      <td>0.734051</td>\n",
       "      <td>1.000000</td>\n",
       "      <td>NaN</td>\n",
       "      <td>NaN</td>\n",
       "      <td>NaN</td>\n",
       "    </tr>\n",
       "    <tr>\n",
       "      <th>Cl</th>\n",
       "      <td>0.016733</td>\n",
       "      <td>-1.000000</td>\n",
       "      <td>-0.345033</td>\n",
       "      <td>0.332887</td>\n",
       "      <td>NaN</td>\n",
       "      <td>NaN</td>\n",
       "      <td>NaN</td>\n",
       "      <td>1.000000</td>\n",
       "      <td>NaN</td>\n",
       "      <td>NaN</td>\n",
       "    </tr>\n",
       "    <tr>\n",
       "      <th>Lu</th>\n",
       "      <td>0.375563</td>\n",
       "      <td>0.000000</td>\n",
       "      <td>0.690275</td>\n",
       "      <td>0.500000</td>\n",
       "      <td>NaN</td>\n",
       "      <td>1.000000</td>\n",
       "      <td>NaN</td>\n",
       "      <td>NaN</td>\n",
       "      <td>1.000000</td>\n",
       "      <td>NaN</td>\n",
       "    </tr>\n",
       "    <tr>\n",
       "      <th>Unnamed: 14</th>\n",
       "      <td>NaN</td>\n",
       "      <td>NaN</td>\n",
       "      <td>NaN</td>\n",
       "      <td>NaN</td>\n",
       "      <td>NaN</td>\n",
       "      <td>NaN</td>\n",
       "      <td>NaN</td>\n",
       "      <td>NaN</td>\n",
       "      <td>NaN</td>\n",
       "      <td>NaN</td>\n",
       "    </tr>\n",
       "  </tbody>\n",
       "</table>\n",
       "</div>"
      ],
      "text/plain": [
       "                   Qu        Gr        Vi        Ro        Sa        Gl  \\\n",
       "Qu           1.000000  0.515369  0.514232  0.171099  0.555536  0.467383   \n",
       "Gr           0.515369  1.000000  0.232010  0.031076  0.306678  0.110985   \n",
       "Vi           0.514232  0.232010  1.000000  0.089374  0.368184  0.615366   \n",
       "Ro           0.171099  0.031076  0.089374  1.000000  0.073699  0.150152   \n",
       "Sa           0.555536  0.306678  0.368184  0.073699  1.000000  0.038462   \n",
       "Gl           0.467383  0.110985  0.615366  0.150152  0.038462  1.000000   \n",
       "Rx           0.437073  0.200000  0.617213  0.316228  1.000000  0.734051   \n",
       "Cl           0.016733 -1.000000 -0.345033  0.332887       NaN       NaN   \n",
       "Lu           0.375563  0.000000  0.690275  0.500000       NaN  1.000000   \n",
       "Unnamed: 14       NaN       NaN       NaN       NaN       NaN       NaN   \n",
       "\n",
       "                   Rx        Cl        Lu  Unnamed: 14  \n",
       "Qu           0.437073  0.016733  0.375563          NaN  \n",
       "Gr           0.200000 -1.000000  0.000000          NaN  \n",
       "Vi           0.617213 -0.345033  0.690275          NaN  \n",
       "Ro           0.316228  0.332887  0.500000          NaN  \n",
       "Sa           1.000000       NaN       NaN          NaN  \n",
       "Gl           0.734051       NaN  1.000000          NaN  \n",
       "Rx           1.000000       NaN       NaN          NaN  \n",
       "Cl                NaN  1.000000       NaN          NaN  \n",
       "Lu                NaN       NaN  1.000000          NaN  \n",
       "Unnamed: 14       NaN       NaN       NaN          NaN  "
      ]
     },
     "execution_count": 36,
     "metadata": {},
     "output_type": "execute_result"
    }
   ],
   "source": [
    "data.corr(method=\"spearman\")"
   ]
  },
  {
   "cell_type": "code",
   "execution_count": null,
   "metadata": {},
   "outputs": [],
   "source": []
  }
 ],
 "metadata": {
  "kernelspec": {
   "display_name": "Python 3",
   "language": "python",
   "name": "python3"
  },
  "language_info": {
   "codemirror_mode": {
    "name": "ipython",
    "version": 3
   },
   "file_extension": ".py",
   "mimetype": "text/x-python",
   "name": "python",
   "nbconvert_exporter": "python",
   "pygments_lexer": "ipython3",
   "version": "3.8.2"
  }
 },
 "nbformat": 4,
 "nbformat_minor": 4
}
